-4,8000 23,0400
-4,6000 21,1600
-4,4000 19,3600
-4,2000 17,6400
-4,0000 16,0000
-3,8000 14,4400
-3,6000 12,9600
-3,4000 11,5600
-3,2000 10,2400
-3,0000 9,0000
-2,8000 7,8400
-2,6000 6,7600
-2,4000 5,7600
-2,2000 4,8400
-2,0000 4,0000
-1,8000 3,2400
-1,6000 2,5600
-1,4000 1,9600
-1,2000 1,4400
-1,0000 1,0000
-0,8000 0,6400
-0,6000 0,3600 
-0,4000 0,1600 
-0,2000 0,0400 
0,0000 0,0000
0,2000 0,0400 
0,4000 0,1600 
0,6000 0,3600 
0,8000 0,6400
1,0000 1,0000
1,2000 1,4400
1,4000 1,9600
1,6000 2,5600
1,8000 3,2400
2,0000 4,0000
2,2000 4,8400
2,4000 5,7600
2,6000 6,7600
2,8000 7,8400
3,0000 9,0000
3,2000 10,2400
3,4000 11,5600
3,6000 12,9600
3,8000 14,4400
4,0000 16,0000
4,2000 17,6400
4,4000 19,3600
4,6000 21,1600
4,8000 23,0400
